datasets/everest_closeup.asc
ncols 800
nrows 619
xllcorner 86.71728515625
yllcorner 27.811448833855508
cellsize 5.4931640625E-4
nodata_value -2147483648
[rows 319 to 347 of 619, columns 335 to 401 of 800]
6495.51 6497.58 6507.81 6521.11 6534.67 6546.09 6558.12 6567.63 6572.47 6574.13 6572.43 6571.58 6571.22 6571.62 6575.01 6587.11 6608.02 6642.53 6679.98 6706.47 6735.29 6781.70 6833.45 6880.72 6926.07 6963.65 7004.91 7036.53 7069.82 7103.44 7144.47 7184.26 7219.08 7257.59 7308.05 7370.85 7444.60 7513.38 7560.34 7589.48 7619.83 7651.99 7688.35 7723.53 7753.97 7783.32 7807.17 7820.97 7837.49 7865.13 7895.28 7914.73 7923.15 7924.24 7921.32 7915.22 7900.71 7879.06 7862.89 7844.67 7807.74 7754.84 7704.64 7671.71 7635.89 7584.02 7511.54
6517.60 6522.00 6531.33 6543.00 6554.72 6565.83 6576.43 6583.92 6588.08 6588.63 6587.12 6584.80 6582.85 6582.24 6585.91 6594.75 6609.06 6633.78 6664.40 6695.70 6724.71 6759.48 6802.84 6849.38 6896.85 6933.38 6975.22 7009.81 7046.12 7086.20 7131.11 7172.01 7200.98 7231.22 7272.97 7330.13 7402.39 7470.46 7522.04 7557.44 7581.23 7605.04 7637.95 7676.65 7714.57 7742.24 7765.08 7790.16 7822.04 7856.26 7884.89 7899.21 7902.83 7905.49 7909.30 7906.35 7896.67 7881.93 7868.48 7849.31 7809.85 7759.10 7712.56 7673.68 7628.27 7561.60 7486.02
6535.25 6541.91 6549.96 6559.25 6567.71 6577.02 6586.18 6593.22 6594.53 6594.39 6595.97 6596.48 6595.98 6598.44 6602.40 6608.61 6619.10 6634.28 6655.71 6679.32 6704.37 6731.29 6761.83 6799.50 6848.75 6890.59 6935.10 6975.12 7015.41 7059.18 7106.17 7150.71 7186.21 7215.78 7248.25 7298.96 7355.67 7417.22 7472.44 7521.78 7553.91 7578.01 7607.29 7640.09 7676.13 7701.54 7724.14 7759.03 7804.77 7845.11 7872.09 7884.04 7886.71 7891.29 7897.17 7897.72 7894.68 7891.12 7884.13 7866.00 7824.52 7774.21 7726.85 7677.21 7618.45 7539.03 7473.87
6540.87 6549.88 6558.84 6566.86 6572.89 6580.91 6588.94 6594.97 6596.87 6598.81 6601.77 6604.73 6608.65 6614.55 6619.47 6625.49 6632.55 6641.69 6652.97 6667.24 6684.50 6705.63 6729.79 6756.12 6799.45 6849.36 6896.23 6943.95 6988.82 7033.74 7079.77 7126.76 7171.56 7205.29 7242.04 7289.13 7330.53 7378.98 7427.17 7483.07 7526.79 7561.50 7591.35 7622.33 7649.52 7671.57 7698.43 7738.35 7786.39 7829.38 7858.34 7872.24 7880.06 7887.96 7894.91 7897.81 7901.62 7906.42 7905.28 7887.30 7840.42 7780.76 7727.05 7670.24 7610.09 7535.87 7471.11
6544.86 6550.46 6560.35 6568.18 6575.13 6582.97 6589.82 6595.94 6602.27 6605.47 6609.50 6612.50 6616.56 6624.64 6632.76 6637.78 6644.77 6651.75 6657.55 6665.13 6675.84 6694.47 6715.26 6733.93 6765.03 6811.69 6863.84 6919.12 6967.53 7015.87 7061.93 7106.68 7153.65 7198.49 7244.37 7289.23 7322.98 7359.14 7405.37 7460.91 7508.82 7548.26 7585.32 7618.83 7645.30 7668.66 7699.00 7739.07 7783.73 7824.27 7853.11 7870.17 7882.37 7892.74 7901.93 7908.16 7916.32 7924.52 7925.48 7906.44 7858.72 7790.49 7726.84 7665.60 7614.12 7545.54 7467.46
6562.35 6562.30 6568.15 6572.47 6576.29 6580.43 6584.76 6592.90 6602.34 6609.25 6613.39 6616.39 6621.48 6629.32 6637.10 6643.33 6650.52 6658.79 6665.30 6670.60 6680.29 6693.79 6711.93 6729.78 6753.38 6795.83 6845.75 6900.28 6953.82 7006.72 7053.87 7095.33 7139.76 7193.03 7249.65 7293.74 7326.93 7356.58 7407.15 7454.27 7498.35 7542.87 7578.03 7621.04 7657.63 7688.32 7723.27 7764.02 7803.98 7836.50 7861.38 7877.26 7890.68 7906.22 7917.73 7925.94 7933.66 7941.92 7940.45 7921.55 7881.42 7817.27 7749.55 7684.91 7634.87 7570.55 7483.79
6588.69 6581.88 6580.77 6581.58 6579.77 6579.45 6581.23 6589.32 6598.50 6608.83 6614.64 6617.64 6622.35 6628.96 6636.61 6643.97 6651.80 6660.72 6670.39 6679.26 6689.16 6701.56 6716.34 6735.39 6761.04 6800.79 6844.42 6895.30 6949.17 7003.05 7049.04 7088.48 7132.56 7188.57 7248.12 7293.19 7324.24 7356.29 7400.17 7445.82 7492.09 7537.17 7584.78 7637.64 7680.14 7719.76 7758.50 7796.74 7830.50 7857.12 7878.00 7894.93 7910.04 7925.79 7938.65 7945.47 7950.23 7952.68 7949.04 7932.17 7902.16 7848.08 7782.33 7708.36 7648.01 7587.81 7513.08
6621.80 6602.67 6594.12 6593.24 6591.78 6590.08 6592.14 6599.47 6605.43 6615.00 6621.27 6624.21 6627.60 6633.60 6641.87 6650.61 6656.63 6662.80 6671.70 6682.01 6694.08 6708.28 6726.84 6751.78 6779.82 6814.06 6855.44 6903.34 6955.12 7001.81 7041.32 7081.24 7129.41 7183.85 7238.77 7288.74 7327.17 7361.36 7398.60 7442.13 7486.67 7531.79 7587.19 7646.04 7694.41 7741.60 7783.98 7820.18 7848.64 7872.84 7895.88 7915.56 7930.98 7945.86 7957.18 7959.28 7958.65 7956.68 7954.20 7943.45 7918.20 7863.57 7790.22 7709.06 7640.66 7589.07 7536.05
6664.86 6635.41 6620.64 6616.75 6614.86 6614.27 6615.98 6619.00 6622.98 6631.50 6634.96 6638.47 6641.78 6647.20 6653.10 6660.49 6664.89 6666.83 6670.44 6678.27 6691.65 6710.97 6737.65 6768.37 6797.97 6830.40 6870.56 6917.11 6964.08 7002.43 7036.24 7077.26 7126.92 7181.17 7233.56 7288.21 7333.78 7367.41 7401.46 7442.83 7485.77 7529.39 7582.04 7636.94 7686.83 7739.27 7787.11 7824.95 7854.37 7879.41 7903.35 7923.11 7939.44 7954.87 7966.76 7969.22 7964.98 7964.30 7968.02 7959.42 7925.30 7861.36 7785.31 7698.28 7626.58 7584.10 7545.22
6708.70 6685.25 6667.27 6657.15 6650.30 6645.78 6643.31 6640.60 6639.75 6645.53 6649.95 6655.44 6662.53 6666.71 6668.52 6671.25 6673.69 6673.68 6675.36 6684.63 6697.94 6716.54 6747.58 6781.35 6813.05 6845.93 6887.58 6930.35 6971.37 7004.87 7036.93 7078.59 7129.63 7180.98 7231.04 7281.97 7329.08 7366.88 7401.52 7441.18 7483.79 7527.76 7579.99 7627.61 7669.34 7720.70 7761.97 7801.91 7837.58 7865.68 7890.94 7913.58 7934.20 7952.21 7969.19 7977.34 7977.33 7980.65 7990.66 7982.72 7926.97 7850.41 7783.28 7707.23 7636.96 7594.11 7552.94
6741.32 6727.69 6713.25 6702.13 6691.28 6678.86 6667.60 6658.29 6653.66 6655.95 6662.95 6670.81 6680.69 6684.64 6684.51 6686.44 6687.33 6688.95 6693.46 6704.45 6716.61 6732.83 6760.32 6793.58 6824.76 6859.70 6900.83 6942.67 6980.70 7012.76 7045.50 7089.31 7137.85 7180.82 7223.68 7272.07 7318.98 7360.70 7397.69 7433.15 7469.81 7511.17 7559.56 7609.49 7646.49 7687.34 7720.60 7759.68 7799.58 7833.19 7863.74 7894.95 7922.17 7946.57 7965.75 7974.07 7975.28 7969.95 7983.06 7994.18 7937.36 7851.28 7791.62 7735.70 7674.57 7624.99 7572.88
6764.40 6753.38 6742.40 6733.41 6723.43 6708.45 6692.41 6676.35 6667.30 6667.23 6671.16 6679.15 6689.14 6694.18 6698.20 6701.22 6706.30 6713.43 6724.52 6734.53 6744.51 6758.47 6781.40 6810.30 6839.25 6872.21 6912.20 6957.26 6997.33 7029.37 7066.44 7111.41 7152.28 7185.16 7219.05 7260.96 7309.95 7353.92 7387.85 7418.79 7449.73 7487.69 7533.67 7579.62 7620.69 7657.70 7693.78 7732.79 7770.74 7805.74 7838.70 7875.75 7911.84 7940.87 7954.81 7957.76 7954.75 7948.81 7956.74 7980.75 7935.96 7862.19 7809.34 7770.47 7721.69 7671.75 7614.73
6788.68 6773.09 6761.92 6751.87 6742.83 6730.77 6715.18 6699.78 6689.71 6684.01 6683.39 6689.93 6698.82 6705.75 6708.61 6712.79 6722.25 6737.50 6751.79 6764.11 6774.16 6786.47 6806.08 6828.33 6853.85 6884.84 6925.14 6973.41 7018.91 7055.56 7095.62 7136.08 7170.62 7199.66 7230.97 7269.82 7314.76 7352.59 7381.97 7409.60 7439.64 7476.72 7522.11 7567.08 7611.59 7653.17 7694.95 7735.12 7769.44 7803.61 7830.22 7866.93 7904.71 7932.07 7946.67 7950.15 7949.15 7949.35 7954.97 7968.41 7934.43 7874.52 7831.11 7790.82 7753.56 7710.25 7655.59
6821.42 6800.92 6786.93 6776.75 6766.44 6752.47 6741.16 6732.58 6723.06 6713.74 6708.59 6710.96 6717.86 6721.90 6723.41 6728.06 6738.57 6750.76 6765.38 6779.71 6791.95 6808.46 6826.52 6845.23 6867.90 6899.88 6943.67 6992.86 7039.85 7080.20 7118.88 7156.69 7191.23 7224.65 7262.55 7301.10 7336.12 7363.82 7388.78 7414.57 7445.94 7483.33 7522.31 7566.88 7613.65 7660.26 7707.23 7748.15 7777.22 7813.18 7841.92 7874.87 7909.45 7933.41 7965.15 7974.84 7972.45 7968.08 7973.26 7977.68 7946.09 7900.76 7858.06 7813.01 7775.12 7733.32 7680.02
6864.81 6836.22 6817.55 6805.79 6794.62 6782.28 6773.61 6767.50 6759.74 6751.14 6745.95 6744.83 6745.35 6744.34 6743.66 6745.78 6752.33 6761.33 6773.74 6789.60 6806.40 6823.92 6843.49 6862.44 6886.82 6919.75 6963.81 7011.48 7056.47 7095.88 7133.91 7171.47 7210.16 7251.50 7296.87 7333.18 7362.02 7383.98 7407.01 7433.75 7465.03 7499.83 7535.09 7573.17 7617.69 7670.80 7721.49 7759.98 7788.97 7823.31 7857.12 7889.29 7926.91 7958.17 7987.33 8002.63 8004.48 7993.43 8005.99 8010.08 7970.23 7930.42 7884.61 7831.20 7789.36 7744.51 7688.62
6910.43 6876.92 6853.38 6839.01 6828.93 6820.15 6812.98 6805.85 6797.14 6789.54 6787.53 6783.45 6777.52 6770.57 6765.66 6765.99 6771.38 6779.20 6791.84 6809.15 6825.65 6843.15 6862.28 6881.78 6911.11 6949.08 6989.79 7032.10 7072.33 7108.12 7145.27 7182.77 7225.05 7274.30 7323.36 7360.51 7388.63 7412.05 7437.58 7466.25 7496.48 7526.35 7553.57 7582.41 7626.14 7680.44 7734.86 7774.22 7805.88 7836.52 7867.02 7904.21 7948.35 7978.84 7999.41 8025.07 8039.74 8032.76 8041.56 8030.53 7974.28 7932.46 7877.16 7829.19 7793.75 7754.64 7701.76
6954.52 6922.32 6897.60 6883.83 6876.91 6871.49 6868.09 6862.25 6848.60 6837.37 6831.38 6825.00 6814.96 6804.57 6797.10 6796.92 6802.81 6811.38 6823.20 6838.26 6854.22 6871.04 6886.74 6907.34 6940.00 6980.54 7020.84 7057.44 7093.25 7125.38 7158.72 7196.83 7240.77 7291.94 7345.24 7389.02 7422.57 7449.54 7479.03 7508.28 7534.98 7556.68 7573.75 7598.79 7638.38 7689.37 7743.94 7789.00 7821.53 7849.87 7882.24 7924.03 7968.27 7994.93 8020.07 8057.54 8082.42 8080.50 8075.57 8043.34 7969.68 7908.82 7849.93 7820.83 7797.24 7762.56 7721.79
7007.21 6974.24 6953.63 6942.32 6938.45 6933.73 6932.11 6920.96 6896.46 6879.82 6873.57 6868.92 6854.13 6840.33 6836.77 6838.31 6846.03 6856.95 6865.46 6876.84 6892.90 6911.50 6927.01 6949.68 6982.16 7018.23 7054.36 7085.17 7118.28 7153.45 7181.95 7219.40 7261.81 7312.88 7372.25 7422.78 7459.57 7490.93 7518.39 7545.06 7566.67 7583.20 7596.43 7616.15 7651.55 7698.93 7750.40 7796.52 7831.93 7866.70 7905.55 7951.00 7996.65 8028.36 8051.47 8082.55 8112.74 8120.43 8107.54 8067.89 7987.26 7905.30 7846.05 7822.20 7806.49 7776.82 7738.11
7070.83 7039.72 7020.72 7010.83 7001.20 6992.45 6985.68 6973.43 6944.17 6914.49 6909.46 6908.59 6898.43 6887.30 6884.33 6889.34 6897.44 6905.64 6911.67 6922.67 6937.77 6958.71 6979.48 7003.43 7030.63 7059.92 7088.25 7115.39 7150.25 7190.20 7218.22 7250.43 7290.49 7340.52 7400.63 7449.77 7486.77 7520.84 7547.93 7570.10 7589.14 7604.09 7616.05 7634.05 7668.05 7714.92 7764.92 7810.03 7848.94 7888.77 7934.61 7983.52 8030.47 8070.13 8098.74 8115.96 8138.17 8149.10 8142.94 8102.96 8021.95 7936.46 7867.27 7842.33 7827.26 7798.07 7759.02
7136.31 7107.41 7087.24 7070.86 7053.45 7039.22 7029.20 7027.76 7013.84 6986.57 6981.08 6970.84 6960.45 6950.20 6946.07 6947.03 6950.89 6954.76 6961.76 6972.58 6984.38 7005.34 7029.41 7054.36 7079.21 7103.99 7126.69 7151.58 7189.55 7226.18 7253.19 7283.25 7323.16 7372.80 7428.36 7474.30 7511.40 7540.14 7562.82 7582.66 7602.84 7621.02 7636.30 7655.60 7690.80 7743.25 7794.29 7836.09 7875.14 7917.15 7961.79 8010.74 8059.01 8104.36 8141.80 8165.84 8190.15 8201.92 8192.32 8151.23 8069.63 7962.81 7871.71 7845.45 7833.73 7813.49 7776.94
7196.95 7169.79 7146.41 7125.83 7104.17 7089.67 7082.63 7086.35 7085.28 7071.83 7053.46 7044.13 7026.06 7009.97 7004.14 7007.45 7011.85 7015.72 7020.67 7026.82 7037.12 7056.96 7078.98 7100.97 7123.26 7145.88 7165.70 7189.51 7223.09 7253.26 7281.46 7315.60 7353.47 7393.73 7441.17 7488.61 7527.73 7554.69 7573.09 7590.91 7614.05 7634.54 7654.55 7680.65 7720.86 7779.36 7830.21 7870.08 7910.33 7951.44 7989.11 8036.83 8089.89 8139.67 8181.44 8223.92 8253.03 8257.62 8236.62 8195.20 8099.20 7964.16 7861.55 7830.24 7822.53 7815.08 7789.84
7253.62 7231.64 7207.84 7185.54 7163.46 7154.17 7155.10 7159.49 7152.66 7133.45 7107.02 7093.00 7079.02 7065.63 7061.89 7065.39 7070.28 7072.40 7072.30 7078.03 7092.28 7110.14 7125.74 7140.65 7158.21 7178.03 7197.87 7220.30 7245.56 7272.42 7302.07 7342.05 7380.09 7412.16 7453.07 7501.45 7540.68 7569.59 7590.31 7609.27 7629.51 7651.08 7676.18 7708.23 7753.98 7810.38 7860.27 7900.42 7941.34 7983.03 8022.22 8069.91 8123.67 8175.47 8219.31 8262.65 8288.40 8278.58 8253.07 8215.40 8120.54 7982.11 7868.53 7833.67 7825.56 7826.87 7815.33
7303.41 7282.02 7259.43 7239.24 7222.37 7218.28 7225.11 7221.06 7197.49 7171.40 7151.15 7136.91 7121.18 7105.72 7104.59 7110.33 7111.53 7113.85 7114.98 7125.03 7140.18 7153.29 7167.26 7180.28 7194.20 7208.78 7226.02 7245.78 7267.70 7292.62 7324.40 7361.66 7399.13 7429.86 7469.20 7513.37 7554.20 7590.95 7623.12 7643.97 7657.41 7676.45 7705.63 7743.90 7790.38 7839.59 7885.61 7924.03 7962.39 8004.20 8050.76 8102.83 8161.69 8209.11 8252.39 8298.33 8311.41 8266.80 8215.37 8175.54 8115.35 8014.90 7915.41 7869.01 7853.04 7846.17 7838.96
7348.24 7326.61 7305.70 7288.30 7273.64 7269.90 7268.45 7249.42 7208.44 7178.01 7163.51 7154.94 7141.73 7131.99 7140.42 7154.93 7166.90 7180.87 7174.35 7170.42 7180.43 7188.43 7207.21 7223.56 7235.06 7244.93 7257.92 7272.70 7292.70 7316.65 7346.81 7380.45 7417.75 7455.24 7494.89 7533.96 7578.02 7622.89 7655.99 7674.39 7688.63 7710.65 7746.82 7787.30 7829.53 7871.48 7909.58 7942.88 7976.12 8019.99 8081.76 8135.88 8188.39 8234.13 8286.19 8329.65 8319.20 8216.30 8129.60 8103.19 8089.81 8024.38 7948.03 7903.46 7877.18 7858.83 7852.63
7393.81 7375.19 7357.67 7343.04 7327.05 7311.35 7284.62 7244.58 7196.49 7160.90 7148.37 7149.29 7148.51 7139.43 7146.24 7172.36 7209.04 7248.32 7247.64 7229.06 7225.14 7235.39 7250.17 7259.99 7272.44 7281.29 7292.29 7304.38 7319.62 7340.07 7369.07 7404.14 7445.59 7486.69 7525.36 7565.54 7610.33 7650.49 7678.25 7698.48 7722.95 7755.80 7792.67 7830.18 7862.73 7895.49 7929.98 7954.30 7979.40 8022.42 8085.78 8140.63 8194.78 8244.82 8293.59 8318.41 8264.68 8131.66 8053.98 8059.31 8070.70 8015.25 7943.55 7905.18 7879.29 7855.59 7846.21
7435.27 7417.48 7400.38 7387.19 7363.32 7326.18 7277.68 7230.86 7183.69 7151.63 7141.81 7156.46 7145.31 7104.94 7095.70 7145.39 7231.53 7287.82 7290.52 7281.72 7282.29 7290.38 7290.56 7297.64 7311.72 7321.63 7334.59 7346.63 7357.57 7379.03 7406.92 7438.77 7477.59 7516.97 7563.41 7605.39 7643.19 7673.70 7700.08 7732.76 7766.36 7803.75 7836.53 7864.98 7885.67 7903.86 7924.80 7940.65 7957.45 7992.48 8049.04 8103.13 8164.03 8217.37 8256.31 8264.01 8200.34 8100.30 8041.18 8046.32 8064.57 8007.59 7943.07 7914.82 7894.15 7872.10 7851.53
7478.08 7456.09 7422.04 7391.98 7357.97 7312.95 7258.94 7210.95 7184.99 7166.02 7149.01 7152.98 7126.94 7082.95 7061.95 7103.92 7234.97 7308.01 7317.04 7324.08 7339.11 7351.13 7348.15 7354.14 7365.13 7375.11 7385.10 7396.11 7413.13 7442.16 7474.15 7495.12 7524.10 7559.09 7603.08 7644.08 7677.07 7710.08 7749.11 7789.11 7820.10 7847.08 7870.04 7883.00 7885.96 7880.92 7884.88 7893.87 7904.87 7931.86 7986.85 8040.85 8095.84 8138.81 8170.78 8183.79 8149.87 8091.98 8054.04 8069.05 8077.03 8024.06 7978.10 7959.10 7944.11 7919.10 7887.09
7507.21 7495.78 7435.90 7374.85 7335.60 7280.92 7224.81 7186.09 7171.95 7162.89 7152.05 7139.08 7095.68 7059.62 7045.24 7074.92 7201.03 7292.29 7318.38 7345.12 7377.46 7407.76 7422.18 7422.17 7421.36 7418.60 7424.64 7439.93 7471.57 7512.45 7533.62 7543.06 7565.29 7590.32 7629.27 7672.87 7702.81 7745.52 7796.11 7830.72 7853.64 7870.91 7873.60 7865.47 7849.98 7832.25 7825.71 7833.55 7845.93 7872.67 7917.13 7970.98 8023.36 8053.39 8066.82 8080.96 8084.42 8078.60 8076.33 8086.73 8085.50 8054.08 8024.96 8001.34 7981.89 7958.33 7928.26
7493.86 7480.30 7418.52 7357.93 7301.92 7229.49 7173.63 7145.67 7133.16 7128.22 7128.06 7096.40 7035.34 7020.80 7025.15 7058.00 7148.83 7215.73 7250.19 7301.93 7376.91 7445.02 7479.47 7472.35 7454.92 7439.79 7449.91 7479.79 7515.67 7526.90 7530.43 7554.56 7572.20 7590.89 7634.88 7689.01 7726.68 7775.52 7837.90 7869.50 7881.36 7879.32 7865.39 7844.68 7823.01 7805.79 7800.63 7808.19 7825.34 7848.60 7881.33 7929.54 7965.76 7965.29 7957.73 7966.39 7987.13 8024.22 8049.38 8059.74 8066.23 8055.42 8026.87 7997.49 7974.75 7954.66 7935.59
