datasets/everest_closeup.asc
ncols 800
nrows 619
xllcorner 86.71728515625
yllcorner 27.811448833855508
cellsize 5.4931640625E-4
nodata_value -2147483648
[rows 580 to 608 of 619, columns 268 to 334 of 800]
5100.62 5105.41 5112.26 5119.16 5127.11 5140.91 5156.52 5165.08 5169.67 5170.43 5172.43 5174.59 5177.95 5184.45 5194.94 5208.26 5224.22 5243.16 5265.04 5288.09 5308.21 5326.03 5344.71 5363.30 5380.85 5397.60 5413.10 5427.60 5443.20 5456.04 5467.03 5472.14 5480.12 5495.98 5515.27 5537.94 5561.77 5585.44 5612.32 5648.78 5698.45 5757.39 5819.19 5869.57 5912.96 5964.57 6017.99 6043.96 6031.40 6010.68 5990.47 5974.32 5954.93 5936.42 5916.10 5887.99 5856.01 5826.85 5800.09 5772.38 5746.41 5724.00 5707.65 5692.92 5677.33 5653.26 5627.91
5073.34 5080.39 5089.43 5097.49 5105.49 5120.50 5140.61 5156.89 5168.12 5172.26 5174.28 5175.23 5175.16 5175.97 5177.72 5185.52 5199.40 5217.30 5236.18 5258.09 5278.09 5300.24 5324.39 5346.53 5368.64 5387.77 5408.95 5432.18 5453.35 5470.47 5481.49 5486.54 5496.64 5514.73 5530.61 5544.36 5558.07 5572.86 5600.84 5642.92 5688.86 5737.61 5800.48 5858.76 5908.01 5960.05 6012.85 6039.76 6026.84 6001.72 5981.59 5963.60 5948.63 5934.52 5912.35 5885.36 5858.61 5838.01 5814.34 5789.62 5765.81 5744.84 5727.69 5707.43 5684.18 5658.11 5637.26
5056.28 5064.42 5074.61 5084.83 5092.89 5108.20 5131.95 5158.06 5178.00 5187.62 5190.76 5189.73 5188.42 5182.73 5176.86 5176.78 5184.97 5197.00 5211.46 5228.76 5248.86 5276.34 5304.99 5332.98 5358.39 5382.91 5410.73 5440.54 5467.21 5487.37 5499.86 5508.57 5523.47 5544.67 5556.24 5562.16 5567.00 5576.39 5601.88 5643.60 5688.09 5729.84 5783.32 5850.79 5912.06 5966.91 6008.87 6028.56 6019.13 5990.18 5963.01 5947.15 5928.89 5902.81 5871.05 5844.23 5829.08 5825.20 5819.81 5810.11 5796.74 5777.52 5753.35 5722.31 5690.23 5661.82 5646.77
5049.95 5059.81 5070.60 5081.90 5092.08 5111.22 5139.87 5170.32 5193.43 5206.12 5210.83 5211.57 5208.58 5200.21 5190.63 5184.75 5186.96 5192.85 5203.94 5217.39 5238.82 5268.82 5302.09 5335.85 5363.02 5389.20 5420.56 5454.00 5482.78 5503.03 5520.02 5534.59 5555.84 5576.40 5585.68 5585.45 5584.70 5590.95 5611.01 5648.36 5688.75 5722.37 5764.02 5828.74 5905.63 5969.01 6007.47 6016.82 6000.02 5966.88 5942.40 5922.48 5890.39 5847.99 5806.31 5782.81 5778.25 5784.87 5794.77 5800.06 5797.16 5786.82 5768.48 5737.32 5701.22 5672.00 5663.32
5049.11 5060.97 5071.30 5083.73 5099.96 5123.36 5152.13 5181.11 5202.28 5216.83 5225.72 5230.00 5228.93 5222.71 5212.94 5205.04 5201.39 5203.91 5211.88 5224.60 5249.62 5285.10 5322.00 5355.09 5381.53 5407.28 5437.78 5469.00 5495.09 5516.11 5536.14 5555.46 5578.01 5596.21 5600.45 5598.55 5598.29 5603.45 5616.49 5643.93 5680.86 5713.27 5744.51 5800.38 5881.88 5953.32 5990.94 5993.76 5974.22 5949.34 5924.03 5887.83 5841.85 5790.85 5752.50 5731.83 5726.71 5734.31 5748.60 5760.39 5763.85 5761.90 5756.90 5740.09 5713.04 5692.30 5688.27
5051.56 5062.00 5072.99 5086.61 5107.60 5133.77 5160.57 5185.19 5204.51 5219.78 5230.49 5238.37 5243.25 5243.17 5235.23 5225.21 5219.77 5220.90 5227.45 5242.59 5273.06 5310.31 5345.08 5378.20 5405.58 5428.82 5454.70 5479.78 5504.23 5525.73 5547.12 5565.79 5585.24 5600.42 5602.10 5602.16 5602.85 5609.98 5619.33 5635.71 5663.50 5694.96 5723.39 5768.99 5844.85 5920.77 5961.50 5966.25 5953.36 5934.18 5903.38 5854.53 5801.45 5757.10 5722.17 5696.79 5684.71 5688.53 5699.19 5708.69 5715.10 5717.46 5721.78 5721.24 5713.33 5706.07 5703.65
5054.91 5064.15 5075.95 5090.06 5112.38 5141.05 5166.77 5188.53 5207.35 5220.17 5229.56 5238.73 5250.10 5254.23 5248.31 5241.54 5239.08 5243.81 5254.37 5273.03 5299.56 5327.48 5360.42 5400.39 5431.81 5453.71 5472.29 5493.31 5516.04 5539.02 5557.19 5571.47 5586.83 5600.88 5605.25 5607.48 5612.33 5621.19 5626.63 5633.76 5647.99 5670.09 5695.74 5737.71 5804.87 5882.92 5933.95 5945.44 5942.74 5927.31 5891.23 5834.17 5776.96 5734.66 5696.86 5669.14 5652.23 5651.69 5660.63 5666.72 5671.56 5677.22 5685.06 5692.02 5694.31 5693.36 5691.12
5059.82 5068.87 5080.08 5093.33 5113.04 5140.70 5169.18 5195.13 5215.61 5227.45 5234.64 5242.90 5252.60 5260.24 5260.22 5259.25 5262.32 5270.97 5283.91 5301.95 5319.73 5341.26 5373.45 5418.20 5458.30 5480.24 5495.49 5511.31 5530.93 5551.53 5567.67 5576.97 5586.83 5599.47 5606.16 5612.29 5625.49 5633.88 5632.51 5634.80 5642.18 5654.99 5672.37 5706.23 5765.99 5841.89 5901.04 5923.18 5928.93 5920.06 5882.82 5820.02 5760.07 5714.52 5674.66 5644.85 5630.30 5631.73 5640.17 5641.11 5641.99 5647.57 5653.31 5656.39 5657.91 5654.15 5651.36
5069.47 5077.59 5087.64 5098.72 5112.95 5134.27 5165.33 5198.09 5222.83 5236.64 5244.56 5250.62 5255.78 5263.80 5268.65 5274.43 5283.20 5292.20 5305.13 5325.01 5342.92 5361.98 5393.00 5437.20 5476.43 5499.44 5513.52 5525.67 5540.80 5557.82 5572.78 5584.64 5589.73 5596.02 5604.04 5616.89 5629.99 5634.13 5633.95 5635.88 5642.85 5654.89 5665.03 5686.50 5730.24 5797.77 5860.71 5894.24 5907.93 5901.86 5867.70 5808.42 5751.19 5704.14 5663.17 5634.16 5622.09 5626.17 5629.45 5624.64 5618.90 5617.22 5617.46 5613.65 5611.78 5610.73 5606.74
5083.05 5086.64 5095.42 5105.44 5115.31 5129.76 5155.37 5191.43 5222.90 5243.43 5253.73 5259.81 5262.87 5269.78 5276.80 5284.92 5298.10 5307.29 5323.54 5346.70 5366.77 5385.68 5416.36 5452.80 5484.39 5505.14 5516.89 5525.63 5539.64 5559.97 5578.25 5592.46 5598.59 5599.42 5605.25 5617.03 5626.78 5629.88 5635.20 5640.45 5648.54 5658.43 5669.47 5683.23 5712.41 5765.45 5827.23 5869.74 5889.14 5884.16 5853.35 5801.83 5751.16 5707.49 5666.64 5636.61 5625.41 5622.93 5619.54 5612.44 5602.21 5594.89 5590.71 5585.67 5581.47 5578.26 5575.15
5098.89 5095.70 5099.66 5110.62 5120.64 5128.03 5147.98 5182.48 5220.97 5249.50 5265.28 5274.17 5281.38 5287.46 5293.33 5302.38 5316.46 5330.24 5349.51 5372.85 5392.76 5409.14 5431.76 5460.24 5486.96 5502.94 5510.14 5516.25 5531.57 5557.80 5580.80 5598.14 5606.44 5607.58 5611.45 5618.83 5625.91 5632.39 5640.79 5648.87 5657.52 5666.02 5677.14 5691.05 5711.86 5753.65 5810.90 5858.52 5883.44 5879.06 5850.35 5804.06 5756.91 5718.84 5681.03 5650.94 5634.02 5625.01 5617.37 5608.52 5596.07 5585.92 5580.84 5576.04 5568.52 5561.81 5555.28
5112.14 5104.42 5103.52 5112.64 5122.38 5129.00 5143.25 5174.42 5219.70 5255.44 5274.28 5288.56 5304.14 5315.04 5321.88 5331.03 5344.73 5360.41 5378.34 5395.52 5413.30 5427.04 5443.68 5465.02 5483.44 5494.04 5499.73 5508.11 5526.36 5558.95 5587.47 5605.85 5614.88 5617.19 5621.19 5627.61 5637.60 5646.32 5654.86 5661.02 5665.69 5670.67 5679.61 5691.47 5709.67 5749.60 5804.26 5853.91 5883.12 5883.06 5855.10 5812.81 5772.58 5738.64 5700.53 5668.19 5647.13 5634.50 5622.48 5608.57 5594.50 5583.66 5579.08 5574.62 5565.44 5556.48 5548.60
5120.31 5112.77 5109.77 5115.29 5123.76 5129.75 5138.62 5164.18 5209.10 5247.65 5267.84 5284.04 5305.55 5328.04 5342.60 5354.35 5367.17 5379.99 5392.75 5405.37 5419.00 5433.29 5447.86 5465.49 5477.92 5488.12 5496.32 5506.31 5528.97 5565.05 5597.18 5616.19 5625.59 5629.53 5633.47 5642.13 5655.31 5665.91 5672.03 5674.03 5674.49 5675.95 5678.50 5685.50 5702.59 5741.20 5797.54 5849.95 5881.20 5882.22 5854.51 5820.44 5790.69 5760.69 5723.79 5688.64 5663.58 5646.49 5629.75 5613.69 5598.88 5584.98 5580.07 5573.12 5564.65 5557.12 5550.59
5128.92 5121.27 5116.69 5119.22 5127.39 5132.69 5138.94 5154.83 5190.68 5226.12 5245.57 5261.49 5282.34 5307.61 5332.21 5348.21 5362.24 5375.19 5386.89 5399.83 5414.33 5430.90 5447.90 5466.26 5479.68 5491.83 5499.90 5510.92 5535.14 5573.70 5607.50 5626.98 5637.58 5643.23 5647.79 5656.28 5670.04 5681.44 5684.47 5683.72 5681.18 5680.27 5682.87 5686.35 5696.42 5727.58 5786.85 5842.32 5872.91 5869.03 5843.45 5821.42 5802.56 5775.31 5743.23 5712.46 5684.98 5660.44 5642.36 5625.33 5608.13 5590.60 5579.49 5570.58 5562.14 5555.82 5550.49
5136.52 5129.21 5122.55 5125.64 5131.30 5137.12 5142.32 5152.28 5173.30 5200.51 5218.56 5235.19 5254.93 5277.24 5299.65 5317.65 5334.97 5351.14 5367.95 5384.26 5403.53 5425.43 5449.70 5473.95 5492.57 5504.42 5511.43 5522.99 5546.29 5583.36 5616.89 5638.55 5650.28 5657.02 5662.82 5670.09 5680.30 5687.55 5689.47 5687.45 5685.74 5686.20 5688.45 5692.18 5699.10 5722.92 5776.86 5832.56 5860.55 5855.03 5836.35 5822.60 5806.20 5779.79 5753.46 5731.49 5707.25 5681.82 5660.36 5642.51 5622.62 5602.88 5584.59 5570.30 5559.93 5554.10 5548.98
5142.33 5136.19 5130.13 5128.71 5133.84 5139.04 5144.08 5149.47 5162.13 5179.91 5199.72 5218.29 5240.81 5263.60 5282.69 5298.73 5317.66 5337.41 5357.26 5375.24 5394.52 5418.67 5448.41 5480.65 5504.97 5518.53 5528.04 5542.57 5564.70 5596.50 5626.12 5647.33 5660.19 5667.95 5673.86 5680.05 5684.48 5688.68 5690.53 5691.14 5692.77 5694.64 5696.53 5700.49 5709.20 5732.81 5780.37 5830.23 5852.97 5850.10 5836.03 5822.36 5803.59 5780.12 5759.34 5743.88 5725.30 5700.86 5679.64 5662.49 5646.05 5624.28 5597.33 5576.09 5562.46 5554.65 5551.41
5147.98 5142.97 5135.97 5131.99 5134.00 5137.01 5141.01 5145.01 5153.03 5168.04 5188.04 5212.01 5238.99 5263.99 5283.98 5302.97 5321.97 5341.97 5361.96 5378.96 5394.97 5414.99 5444.01 5480.01 5509.99 5528.96 5542.95 5561.93 5582.93 5606.96 5630.99 5649.99 5663.98 5674.97 5682.96 5686.96 5690.96 5693.95 5698.95 5701.94 5705.93 5708.92 5712.91 5717.90 5728.88 5757.87 5801.88 5844.90 5860.94 5851.97 5835.00 5817.03 5797.03 5778.01 5764.97 5750.97 5735.95 5718.93 5699.91 5683.90 5668.90 5645.92 5610.94 5583.97 5567.98 5559.97 5557.97
5152.40 5148.56 5141.54 5134.31 5133.01 5134.88 5139.05 5144.25 5151.19 5164.03 5184.12 5212.40 5242.46 5268.52 5291.58 5310.74 5329.72 5349.89 5373.26 5392.69 5406.51 5422.06 5445.65 5478.26 5510.30 5534.47 5551.87 5573.94 5594.94 5614.59 5632.15 5651.08 5667.16 5680.31 5689.66 5696.05 5702.47 5708.78 5713.85 5717.88 5723.10 5729.32 5735.66 5743.00 5759.45 5788.78 5832.40 5871.57 5879.92 5861.28 5835.48 5810.63 5789.59 5778.42 5771.00 5759.16 5746.26 5731.45 5718.75 5705.10 5689.11 5660.57 5622.12 5590.73 5571.69 5566.45 5564.30
5156.46 5152.72 5146.09 5138.18 5134.71 5135.69 5141.86 5149.40 5156.74 5167.97 5188.88 5217.89 5246.89 5272.52 5294.47 5316.01 5335.38 5357.63 5384.45 5407.92 5420.78 5433.72 5455.58 5484.97 5515.16 5537.93 5557.93 5578.70 5599.56 5617.26 5632.68 5650.19 5666.53 5681.30 5695.48 5706.90 5717.79 5725.93 5732.45 5737.03 5744.10 5751.35 5760.70 5771.16 5791.35 5825.18 5862.62 5891.11 5895.17 5875.95 5845.34 5813.03 5791.87 5786.84 5783.12 5772.59 5759.33 5745.37 5731.98 5721.24 5707.10 5676.90 5633.42 5598.06 5579.79 5568.30 5563.58
5165.20 5157.50 5153.32 5147.12 5140.53 5140.99 5146.77 5156.32 5166.46 5176.18 5195.48 5221.29 5249.39 5272.71 5294.44 5318.09 5339.82 5364.15 5393.63 5417.97 5431.92 5446.53 5468.48 5496.02 5521.33 5542.54 5561.61 5580.95 5599.89 5616.14 5630.40 5646.17 5665.21 5685.34 5705.54 5723.69 5737.27 5745.17 5752.82 5760.58 5768.43 5776.63 5787.55 5802.04 5827.53 5861.29 5889.32 5906.86 5909.27 5896.48 5866.04 5830.30 5807.55 5802.12 5798.21 5789.63 5776.00 5762.32 5746.86 5735.27 5725.24 5704.09 5658.48 5612.38 5587.43 5569.47 5561.67
5177.03 5169.49 5167.20 5162.26 5152.89 5149.81 5153.31 5163.04 5176.40 5189.88 5206.66 5227.90 5251.76 5271.62 5291.77 5314.59 5339.40 5368.67 5399.51 5425.43 5442.98 5461.06 5483.26 5509.55 5531.65 5551.66 5569.22 5585.73 5601.70 5616.12 5630.40 5647.19 5670.33 5698.22 5726.04 5748.19 5762.06 5770.71 5778.96 5789.78 5801.86 5812.56 5828.35 5850.06 5877.04 5902.36 5917.34 5923.58 5924.28 5914.83 5887.26 5852.24 5827.66 5815.75 5810.71 5803.55 5794.61 5782.06 5765.55 5751.12 5743.15 5731.55 5695.74 5639.20 5598.69 5574.19 5563.64
5190.78 5184.04 5181.62 5177.23 5169.23 5162.63 5163.29 5170.35 5183.14 5201.06 5217.52 5237.04 5257.51 5274.82 5291.23 5308.92 5334.12 5366.26 5401.07 5429.90 5450.92 5472.22 5498.38 5525.48 5548.66 5567.29 5581.88 5594.72 5607.44 5620.50 5636.89 5657.18 5683.78 5716.57 5749.97 5775.10 5790.93 5804.58 5816.99 5833.50 5854.43 5877.76 5896.40 5918.03 5940.51 5958.03 5963.87 5959.71 5949.17 5930.75 5901.84 5868.44 5842.72 5828.37 5822.07 5818.51 5814.65 5804.13 5786.48 5768.52 5758.01 5741.52 5709.11 5659.57 5611.79 5584.49 5570.49
5204.22 5195.00 5189.77 5186.62 5183.45 5176.98 5175.48 5179.84 5191.04 5209.36 5227.83 5247.55 5267.58 5282.97 5295.48 5309.18 5328.51 5357.49 5393.63 5426.93 5450.44 5474.76 5506.10 5536.55 5562.17 5579.93 5592.93 5604.74 5618.01 5633.13 5654.12 5681.71 5708.06 5739.58 5773.14 5799.20 5818.47 5840.10 5857.87 5883.65 5929.30 5971.67 5984.70 5998.79 6020.66 6033.52 6033.87 6018.99 5994.50 5962.71 5923.90 5884.11 5858.03 5845.48 5841.56 5843.44 5841.81 5831.36 5813.38 5784.72 5755.05 5713.10 5672.64 5638.07 5605.26 5586.75 5577.89
5219.43 5205.72 5196.16 5193.28 5196.09 5193.83 5188.91 5191.96 5201.94 5218.88 5240.65 5261.59 5280.76 5294.81 5305.82 5315.11 5328.52 5352.92 5388.01 5422.93 5449.58 5477.27 5510.23 5542.11 5569.03 5589.74 5604.48 5618.10 5636.72 5657.41 5685.19 5718.48 5742.59 5771.28 5799.26 5825.38 5848.94 5875.29 5912.53 5963.94 6020.18 6055.25 6067.11 6081.03 6101.48 6109.85 6100.37 6076.01 6039.87 5998.58 5949.96 5908.75 5883.50 5874.08 5876.56 5884.04 5887.65 5872.34 5841.93 5791.69 5731.59 5671.44 5626.76 5601.99 5585.16 5580.41 5581.70
5244.08 5228.05 5211.85 5205.70 5206.53 5205.49 5202.57 5205.61 5217.67 5237.84 5261.92 5282.92 5298.82 5312.80 5324.79 5331.76 5340.61 5359.49 5393.43 5429.52 5461.66 5493.82 5526.95 5561.05 5589.11 5613.25 5632.44 5653.64 5675.79 5697.92 5722.90 5742.26 5766.21 5806.79 5843.05 5866.04 5896.21 5935.58 5994.04 6054.14 6096.57 6118.17 6133.15 6147.06 6157.87 6161.81 6150.81 6119.63 6073.23 6022.84 5974.88 5939.16 5919.41 5917.69 5925.86 5941.02 5948.03 5920.41 5864.42 5793.95 5719.75 5654.57 5604.49 5590.75 5579.12 5578.09 5586.12
5279.76 5263.63 5243.48 5232.74 5226.77 5222.22 5221.35 5226.66 5239.79 5265.63 5291.54 5312.67 5326.81 5339.52 5350.11 5356.95 5363.21 5381.47 5413.33 5452.29 5486.47 5523.20 5563.40 5601.28 5632.15 5660.66 5685.27 5709.33 5735.05 5762.76 5791.38 5794.39 5816.23 5872.35 5913.25 5939.01 5973.37 6021.46 6081.79 6137.11 6163.50 6176.25 6187.90 6197.82 6208.71 6214.37 6204.51 6170.21 6110.97 6047.55 6000.42 5973.13 5961.17 5966.91 5978.00 5993.16 5997.42 5948.82 5865.81 5788.84 5716.30 5648.84 5601.16 5589.56 5591.22 5585.17 5588.06
5315.98 5299.23 5281.02 5266.89 5256.17 5248.85 5247.50 5256.01 5271.12 5299.53 5322.61 5344.51 5360.76 5371.09 5378.25 5384.86 5396.40 5418.82 5451.47 5487.54 5523.76 5567.73 5614.51 5658.70 5695.11 5724.39 5752.49 5775.51 5797.35 5826.57 5866.29 5888.58 5914.78 5958.71 5993.14 6023.47 6068.95 6128.24 6167.44 6198.37 6219.60 6227.84 6239.68 6253.78 6273.38 6283.94 6276.09 6240.95 6169.35 6089.97 6036.01 6007.09 5999.90 6005.70 6011.97 6014.42 6007.08 5943.95 5855.05 5780.23 5716.65 5665.45 5630.47 5613.42 5609.00 5595.28 5591.83
5342.11 5325.62 5310.66 5298.87 5288.84 5282.87 5282.00 5293.62 5312.06 5334.75 5355.70 5375.60 5390.40 5399.21 5406.37 5416.88 5433.11 5460.92 5493.34 5527.19 5569.40 5624.65 5675.69 5721.78 5757.30 5789.20 5823.14 5845.06 5869.36 5898.54 5934.95 5985.57 6026.50 6057.92 6084.83 6110.80 6153.59 6199.35 6223.80 6242.70 6260.23 6272.58 6289.52 6311.85 6334.75 6346.92 6342.10 6308.36 6237.72 6155.13 6086.48 6040.98 6028.49 6023.41 6009.48 5987.68 5954.95 5887.13 5819.23 5771.02 5729.63 5688.44 5661.57 5648.27 5635.98 5621.30 5617.31
5371.09 5350.92 5337.17 5328.35 5322.62 5321.02 5322.90 5331.57 5347.97 5367.33 5386.80 5402.33 5414.66 5424.58 5433.23 5444.88 5461.41 5488.40 5518.62 5551.08 5597.34 5667.03 5728.64 5781.28 5827.13 5872.23 5902.90 5919.75 5949.24 5989.27 6028.31 6080.67 6118.89 6143.32 6165.44 6187.36 6217.58 6246.08 6265.23 6276.93 6288.66 6303.77 6323.13 6347.01 6368.72 6379.70 6371.07 6334.04 6267.57 6194.78 6130.23 6072.33 6036.22 6003.72 5958.95 5912.35 5867.01 5819.88 5781.70 5759.35 5740.01 5713.79 5690.18 5680.49 5678.54 5672.74 5669.30
