datasets/everest_closeup.asc
ncols 800
nrows 619
xllcorner 86.71728515625
yllcorner 27.811448833855508
cellsize 5.4931640625E-4
nodata_value -2147483648
[rows 232 to 260 of 619, columns 603 to 669 of 800]
5862.50 5851.72 5839.94 5830.09 5820.06 5806.90 5791.76 5780.61 5784.57 5795.70 5803.84 5803.82 5799.64 5810.33 5845.16 5875.28 5903.40 5933.39 5955.36 5972.39 5983.43 5983.42 5977.37 5958.35 5922.42 5884.50 5857.52 5835.46 5824.37 5822.50 5838.62 5855.70 5861.80 5861.83 5859.80 5859.75 5863.57 5867.34 5869.18 5871.14 5869.23 5862.35 5859.52 5865.68 5897.68 5945.80 5974.00 5972.27 5958.43 5933.43 5897.37 5857.17 5814.84 5779.59 5764.50 5768.37 5780.32 5790.37 5794.53 5789.55 5783.43 5778.26 5779.30 5790.43 5811.54 5852.62 5895.57
5848.01 5844.64 5839.00 5832.16 5819.94 5799.98 5779.94 5763.32 5762.56 5776.38 5789.60 5791.69 5787.37 5788.54 5810.97 5849.22 5884.18 5911.95 5931.94 5951.13 5962.56 5961.82 5952.54 5934.54 5903.82 5869.31 5842.09 5820.08 5806.95 5805.68 5819.77 5838.31 5848.54 5848.45 5845.73 5843.93 5840.01 5834.80 5832.81 5836.20 5839.94 5840.04 5844.32 5862.52 5897.01 5944.01 5975.29 5982.32 5971.60 5945.67 5908.36 5861.54 5809.41 5769.76 5748.60 5744.96 5752.43 5762.03 5769.73 5764.64 5754.18 5746.05 5749.21 5764.95 5792.49 5836.78 5879.12
5846.15 5844.32 5837.95 5831.23 5818.12 5794.08 5767.06 5747.24 5740.69 5747.82 5758.98 5770.33 5774.91 5776.39 5791.62 5826.67 5865.56 5892.49 5913.76 5934.78 5950.84 5954.08 5943.81 5923.21 5892.38 5861.45 5831.99 5810.12 5797.28 5792.58 5797.12 5806.93 5813.31 5811.88 5812.36 5814.59 5808.04 5798.37 5798.48 5804.99 5812.76 5820.74 5836.04 5871.36 5908.10 5944.85 5977.21 5989.15 5979.57 5954.39 5915.46 5865.21 5809.22 5777.28 5750.82 5733.18 5733.44 5737.87 5739.01 5732.46 5720.09 5711.42 5713.62 5732.14 5771.24 5819.56 5867.20
5838.97 5836.82 5831.45 5825.26 5808.31 5788.66 5764.47 5744.19 5732.66 5728.16 5732.96 5743.15 5753.77 5763.27 5781.32 5814.31 5850.81 5877.81 5900.55 5925.65 5943.91 5950.35 5938.51 5912.72 5883.92 5854.00 5824.70 5805.26 5794.47 5788.07 5784.56 5780.75 5774.84 5769.70 5770.77 5775.89 5776.61 5773.98 5774.34 5781.21 5790.97 5804.16 5829.84 5876.19 5910.38 5943.62 5976.54 5989.28 5979.32 5953.04 5915.31 5869.01 5816.32 5787.56 5769.21 5743.03 5725.93 5722.37 5718.65 5710.15 5696.77 5684.38 5680.16 5691.53 5729.57 5791.59 5850.37
5828.49 5822.89 5819.94 5811.30 5789.43 5776.37 5762.21 5748.28 5734.26 5724.22 5720.03 5720.69 5725.13 5738.11 5765.06 5801.35 5836.79 5863.72 5889.35 5915.39 5932.88 5937.43 5923.40 5902.09 5876.20 5842.82 5815.16 5799.97 5792.56 5783.77 5776.42 5765.21 5753.12 5744.00 5744.72 5751.45 5760.89 5765.64 5767.48 5771.32 5779.48 5793.75 5823.06 5867.98 5905.16 5942.21 5971.82 5978.85 5964.45 5940.20 5904.95 5865.66 5820.66 5789.12 5770.64 5744.38 5721.61 5711.52 5706.59 5697.30 5682.02 5666.94 5658.72 5665.59 5691.77 5757.20 5831.06
5824.74 5813.12 5805.11 5793.69 5777.55 5769.44 5760.76 5751.31 5740.29 5728.54 5718.66 5706.45 5699.24 5711.98 5742.90 5781.84 5815.70 5843.51 5872.60 5899.11 5915.27 5914.79 5903.92 5889.90 5866.88 5832.82 5809.24 5796.81 5787.29 5777.57 5768.84 5755.93 5741.88 5735.50 5739.22 5747.39 5758.11 5764.61 5764.43 5764.31 5765.40 5784.04 5821.54 5863.82 5900.11 5936.81 5958.64 5953.87 5936.86 5920.29 5893.68 5862.22 5825.71 5791.83 5760.62 5736.53 5718.47 5706.71 5697.77 5683.84 5668.22 5656.65 5653.88 5664.56 5688.89 5741.64 5809.46
5828.07 5812.68 5797.54 5783.94 5773.53 5769.26 5762.81 5755.58 5744.82 5732.11 5717.62 5699.62 5684.61 5682.41 5705.49 5743.98 5781.87 5808.89 5841.72 5871.12 5887.51 5891.12 5887.95 5874.02 5855.56 5830.84 5812.17 5800.37 5785.18 5771.10 5761.28 5749.14 5737.99 5736.30 5743.62 5750.68 5757.41 5759.21 5758.23 5754.34 5758.22 5788.15 5840.47 5880.94 5905.32 5931.49 5940.90 5925.76 5910.09 5903.07 5883.49 5860.71 5828.29 5788.82 5752.70 5733.12 5717.16 5704.21 5693.05 5680.32 5668.54 5661.11 5662.74 5678.47 5702.16 5741.92 5792.17
5835.58 5814.83 5795.93 5779.01 5769.12 5764.22 5762.17 5755.17 5743.19 5727.24 5711.22 5697.09 5675.24 5656.68 5662.24 5694.50 5741.26 5770.19 5800.31 5834.17 5858.86 5873.53 5877.39 5865.27 5847.25 5832.12 5818.06 5803.14 5783.19 5763.29 5752.37 5740.48 5725.62 5728.58 5742.36 5750.24 5752.34 5750.42 5748.37 5748.10 5759.77 5804.44 5861.62 5897.87 5919.87 5930.44 5920.96 5904.78 5896.48 5892.46 5874.40 5852.43 5822.33 5783.18 5750.98 5733.94 5716.00 5703.94 5696.75 5689.57 5683.46 5678.40 5681.42 5694.61 5710.86 5740.21 5779.56
5853.64 5823.42 5801.95 5783.67 5767.12 5757.53 5753.08 5745.99 5734.11 5719.19 5705.49 5693.81 5670.69 5643.27 5635.48 5659.34 5710.68 5741.38 5768.36 5805.49 5838.92 5860.04 5864.86 5856.85 5839.78 5822.71 5807.71 5791.83 5774.03 5754.15 5739.92 5721.41 5703.40 5704.28 5723.10 5736.26 5736.99 5734.10 5737.05 5748.18 5770.95 5818.92 5861.71 5887.77 5910.27 5904.29 5885.09 5879.70 5880.20 5875.11 5859.42 5836.61 5809.83 5778.37 5752.95 5736.06 5717.06 5707.25 5706.60 5703.87 5697.86 5693.89 5694.68 5700.42 5711.01 5730.14 5759.23
5902.53 5854.62 5821.81 5796.31 5772.90 5753.91 5740.75 5730.56 5720.62 5707.38 5698.33 5690.38 5666.96 5637.75 5623.19 5631.43 5685.37 5729.93 5760.01 5796.70 5831.63 5850.24 5850.28 5838.30 5818.85 5801.59 5788.57 5776.43 5760.50 5742.28 5726.07 5705.36 5690.31 5689.39 5699.45 5710.09 5706.74 5707.96 5726.13 5750.99 5781.81 5825.28 5853.12 5869.70 5879.96 5866.81 5852.22 5850.99 5853.62 5847.33 5835.70 5817.25 5793.02 5767.21 5747.95 5733.43 5716.13 5708.56 5709.50 5709.01 5703.11 5699.60 5698.77 5704.63 5710.70 5720.95 5738.91
5967.19 5915.54 5863.89 5820.93 5787.87 5758.76 5731.50 5712.05 5699.75 5690.66 5685.78 5677.27 5658.26 5630.03 5611.48 5617.67 5668.26 5721.90 5759.34 5793.75 5824.20 5839.66 5836.21 5817.88 5796.08 5779.31 5774.45 5766.77 5747.40 5727.01 5711.98 5703.98 5694.45 5688.47 5688.81 5690.02 5688.28 5695.62 5719.30 5750.04 5789.19 5824.25 5836.88 5850.29 5849.35 5836.29 5828.50 5826.49 5822.95 5816.48 5806.53 5790.62 5771.26 5750.32 5732.80 5720.31 5707.87 5702.83 5702.96 5703.70 5699.91 5699.62 5701.75 5706.19 5708.00 5717.35 5727.66
6001.44 5965.32 5913.75 5851.26 5805.59 5769.00 5730.09 5699.72 5679.12 5667.68 5662.58 5656.56 5642.26 5622.90 5612.62 5622.95 5666.09 5717.89 5759.21 5789.76 5811.99 5821.04 5815.02 5792.33 5769.02 5755.27 5755.29 5749.18 5729.28 5711.85 5703.35 5706.59 5702.11 5694.68 5686.75 5682.32 5683.88 5693.74 5719.52 5757.69 5796.38 5825.62 5828.84 5824.86 5818.91 5812.64 5804.85 5795.62 5786.69 5782.31 5779.36 5770.89 5753.54 5733.11 5716.18 5703.63 5694.12 5693.15 5695.56 5696.23 5697.32 5700.22 5704.41 5705.45 5704.40 5711.23 5721.45
6003.12 5981.78 5940.82 5869.90 5813.84 5777.41 5743.87 5707.41 5675.16 5650.15 5634.64 5631.04 5630.34 5628.50 5628.15 5638.29 5668.06 5710.51 5746.40 5772.95 5790.62 5793.16 5784.91 5765.67 5743.89 5729.75 5723.02 5714.60 5704.60 5694.20 5697.67 5709.09 5709.12 5698.83 5688.03 5682.50 5685.99 5699.69 5730.33 5774.00 5805.54 5820.95 5812.34 5792.81 5780.93 5777.58 5773.53 5766.23 5757.18 5753.37 5756.25 5754.25 5737.29 5716.54 5699.10 5686.99 5680.29 5682.62 5687.99 5692.77 5697.10 5704.24 5708.17 5705.54 5701.99 5708.41 5721.93
5982.17 5965.89 5937.19 5888.53 5833.93 5792.66 5766.15 5730.69 5686.77 5643.92 5618.51 5615.69 5629.67 5643.26 5649.37 5651.47 5661.72 5687.15 5715.19 5740.41 5758.47 5757.93 5750.52 5738.71 5726.20 5713.67 5697.54 5681.66 5673.15 5671.72 5679.98 5691.71 5694.18 5685.91 5677.20 5676.47 5686.54 5709.20 5742.83 5779.02 5801.10 5797.84 5774.68 5747.55 5734.25 5736.94 5742.39 5742.26 5733.05 5727.44 5728.28 5723.11 5709.36 5693.20 5680.68 5673.39 5672.30 5676.95 5683.73 5689.09 5695.88 5704.15 5708.89 5707.17 5704.53 5713.58 5718.83
5939.04 5924.65 5908.31 5887.06 5851.10 5815.30 5788.52 5753.49 5702.75 5649.16 5615.76 5611.21 5630.27 5651.99 5660.03 5651.76 5644.14 5648.02 5662.89 5687.00 5712.59 5720.24 5715.82 5713.19 5711.42 5701.38 5677.01 5650.70 5639.93 5640.02 5645.37 5653.57 5659.28 5657.61 5653.87 5661.93 5681.93 5716.00 5751.03 5779.98 5783.00 5763.40 5738.47 5708.20 5697.72 5704.62 5713.61 5715.57 5709.14 5702.95 5700.11 5694.09 5683.89 5671.74 5665.33 5663.82 5666.59 5671.64 5679.71 5683.86 5689.23 5694.58 5700.43 5702.84 5703.60 5707.26 5706.40
5881.91 5874.05 5873.31 5871.58 5853.86 5825.00 5794.97 5760.98 5711.07 5659.13 5622.11 5609.97 5623.81 5643.68 5649.63 5637.58 5619.46 5607.38 5620.42 5643.47 5667.52 5692.66 5693.70 5693.67 5696.63 5684.61 5655.66 5626.71 5613.68 5612.61 5614.57 5622.55 5630.58 5635.71 5641.94 5660.19 5690.35 5731.33 5764.17 5778.84 5761.48 5729.29 5701.26 5680.53 5676.69 5681.64 5688.61 5690.61 5689.66 5687.75 5685.79 5679.79 5669.75 5656.74 5652.75 5655.82 5659.84 5663.82 5668.74 5670.68 5670.62 5672.60 5680.62 5690.71 5692.75 5690.74 5691.80
5831.60 5830.35 5839.07 5845.00 5837.20 5816.38 5786.89 5752.66 5709.19 5662.14 5626.53 5607.62 5610.72 5620.43 5623.78 5609.92 5591.40 5586.87 5604.71 5633.52 5664.10 5685.33 5685.00 5679.97 5674.60 5663.00 5643.93 5622.20 5607.79 5601.19 5602.96 5608.84 5617.87 5628.62 5647.43 5680.54 5715.98 5748.08 5766.83 5763.26 5729.51 5690.90 5665.72 5660.52 5665.42 5668.31 5674.04 5676.02 5675.21 5677.49 5677.91 5671.88 5658.59 5645.50 5640.25 5645.18 5650.25 5653.29 5654.04 5653.05 5653.24 5656.38 5664.59 5675.84 5680.24 5682.89 5687.19
5790.97 5793.87 5804.11 5814.53 5814.64 5803.31 5779.53 5743.42 5701.94 5662.62 5629.71 5603.58 5590.40 5590.79 5589.03 5580.00 5570.17 5577.75 5602.05 5636.08 5667.73 5682.00 5677.56 5663.26 5649.36 5642.66 5637.88 5625.67 5608.98 5599.36 5599.40 5605.53 5614.81 5631.87 5664.62 5710.76 5745.96 5760.80 5761.15 5737.70 5683.08 5644.05 5637.92 5643.34 5651.38 5654.44 5658.11 5660.45 5662.13 5666.42 5670.04 5664.66 5650.65 5636.12 5628.54 5630.54 5635.35 5639.61 5641.23 5643.26 5646.02 5650.77 5661.13 5674.77 5682.88 5689.63 5694.03
5762.92 5769.84 5778.63 5787.98 5794.98 5792.07 5772.65 5740.17 5701.51 5666.61 5631.24 5595.48 5567.87 5558.78 5558.71 5558.99 5561.54 5577.41 5606.35 5639.39 5665.33 5672.50 5664.04 5644.39 5630.42 5626.56 5625.32 5617.51 5606.18 5597.91 5599.53 5607.85 5621.18 5648.00 5690.96 5737.15 5763.85 5763.91 5742.45 5697.88 5638.18 5609.06 5611.69 5622.64 5629.57 5631.66 5633.79 5639.89 5646.91 5655.11 5661.46 5660.38 5649.70 5632.70 5622.70 5619.92 5623.04 5628.97 5634.63 5640.97 5647.73 5655.59 5667.01 5682.16 5694.59 5703.08 5704.02
5741.86 5750.42 5757.46 5763.38 5773.60 5774.24 5760.52 5736.40 5704.61 5671.35 5630.14 5584.11 5551.54 5539.78 5543.33 5549.05 5556.57 5577.11 5607.90 5633.30 5650.03 5653.77 5646.97 5629.47 5614.54 5607.06 5606.18 5603.90 5600.92 5597.64 5602.76 5617.33 5641.91 5678.23 5718.49 5752.47 5762.33 5745.93 5698.61 5647.78 5605.56 5587.98 5590.52 5601.15 5608.29 5610.17 5610.93 5620.84 5632.09 5641.72 5650.02 5650.31 5645.21 5632.71 5621.82 5615.40 5617.43 5623.97 5633.96 5643.69 5653.20 5663.67 5676.22 5691.22 5705.96 5715.58 5716.03
5721.56 5724.07 5729.41 5737.07 5749.22 5753.86 5746.54 5730.49 5708.35 5674.81 5626.17 5576.68 5545.56 5534.96 5535.20 5539.39 5547.60 5568.09 5596.75 5618.32 5631.00 5634.35 5627.91 5614.41 5596.31 5581.56 5579.54 5584.99 5587.97 5594.57 5610.56 5635.12 5671.99 5712.60 5743.96 5758.16 5748.12 5714.48 5662.44 5617.26 5587.05 5574.32 5576.28 5585.02 5590.49 5594.86 5597.24 5606.55 5618.93 5630.68 5637.38 5633.98 5631.46 5629.50 5622.87 5616.24 5616.71 5622.82 5633.20 5645.53 5658.25 5673.76 5687.37 5702.30 5717.56 5727.88 5729.36
5711.44 5703.73 5701.75 5712.65 5729.65 5739.73 5735.10 5725.22 5707.99 5672.37 5623.15 5576.57 5544.15 5529.49 5526.70 5526.20 5532.65 5551.02 5577.51 5596.19 5604.13 5606.49 5597.12 5581.69 5560.73 5546.76 5547.79 5555.94 5570.79 5596.07 5626.51 5656.23 5696.34 5738.47 5763.58 5754.61 5729.23 5687.60 5641.12 5599.77 5572.28 5561.75 5563.81 5569.30 5575.27 5581.90 5585.49 5594.30 5608.37 5621.37 5625.43 5623.06 5621.96 5623.17 5621.65 5618.88 5619.60 5623.74 5633.55 5649.05 5665.71 5685.31 5700.88 5716.92 5729.69 5736.83 5733.24
5698.89 5686.77 5681.73 5690.78 5714.65 5730.45 5733.13 5728.95 5710.96 5672.97 5623.86 5580.72 5542.96 5516.41 5513.52 5512.47 5515.55 5531.69 5553.91 5567.15 5569.37 5567.59 5553.72 5535.73 5517.53 5512.18 5520.82 5540.35 5566.86 5604.61 5638.61 5668.57 5706.69 5745.02 5760.48 5738.74 5707.90 5667.77 5621.75 5580.74 5558.51 5553.22 5554.21 5557.41 5561.56 5570.50 5579.24 5591.07 5602.17 5613.32 5620.32 5619.31 5618.36 5615.43 5615.29 5617.10 5620.03 5625.95 5638.82 5656.77 5673.73 5694.68 5713.64 5726.84 5733.20 5729.75 5715.20
5669.85 5667.64 5666.99 5676.05 5698.72 5717.68 5726.84 5724.95 5708.02 5672.44 5629.27 5589.58 5546.34 5512.01 5503.60 5504.72 5507.83 5519.50 5536.08 5543.71 5541.31 5533.88 5518.89 5503.15 5490.74 5492.15 5509.54 5538.07 5575.47 5613.47 5645.49 5677.66 5712.36 5739.51 5743.82 5721.78 5687.68 5650.88 5606.17 5566.30 5548.55 5550.90 5553.98 5549.50 5549.05 5557.96 5573.38 5589.74 5599.56 5606.02 5608.54 5606.24 5603.26 5602.69 5608.17 5614.51 5618.60 5625.63 5640.68 5658.93 5678.20 5700.19 5716.92 5724.39 5720.65 5703.07 5679.85
5641.97 5648.53 5651.92 5661.78 5677.39 5692.66 5700.43 5699.72 5684.56 5657.08 5628.32 5592.79 5548.93 5515.52 5504.14 5506.35 5511.19 5518.34 5529.10 5532.14 5524.62 5511.78 5498.04 5487.15 5483.34 5488.92 5507.98 5541.71 5580.06 5618.41 5653.02 5687.43 5717.40 5733.39 5729.74 5706.15 5671.96 5637.41 5598.25 5560.67 5544.84 5548.93 5551.78 5544.38 5537.46 5543.67 5563.07 5583.12 5589.08 5586.50 5581.00 5573.83 5573.30 5580.30 5592.05 5602.84 5608.02 5615.27 5631.02 5654.96 5678.75 5699.31 5711.33 5711.37 5700.10 5681.63 5659.51
5617.70 5620.69 5621.80 5627.68 5638.08 5651.10 5661.70 5664.38 5654.70 5635.30 5612.70 5576.94 5536.90 5516.99 5513.80 5517.31 5519.65 5521.85 5525.52 5525.50 5517.70 5502.48 5489.27 5482.76 5482.41 5489.88 5509.82 5547.54 5588.59 5628.66 5666.48 5703.57 5728.10 5733.56 5720.32 5690.70 5655.94 5623.57 5586.83 5551.76 5535.25 5536.33 5537.94 5538.67 5533.28 5535.55 5552.62 5568.46 5570.05 5563.00 5552.63 5546.63 5547.81 5556.88 5569.83 5582.74 5589.56 5600.05 5622.03 5650.59 5676.38 5695.78 5705.04 5702.66 5691.23 5677.04 5654.13
5601.37 5595.99 5587.90 5585.64 5593.90 5608.62 5629.07 5640.58 5637.18 5623.65 5598.03 5563.17 5532.98 5522.96 5522.68 5525.67 5525.17 5522.89 5522.62 5524.22 5517.83 5502.77 5488.16 5479.79 5479.44 5487.32 5514.04 5561.09 5604.82 5640.77 5680.74 5720.29 5740.30 5735.49 5713.76 5675.73 5641.74 5608.07 5570.95 5539.94 5520.20 5511.50 5512.62 5522.06 5529.43 5532.62 5540.76 5549.04 5551.45 5549.21 5542.90 5537.62 5538.14 5544.22 5554.78 5566.60 5577.94 5595.01 5619.92 5651.30 5677.31 5699.27 5711.66 5706.50 5690.10 5674.26 5654.41
5593.79 5580.34 5566.20 5560.50 5563.89 5582.98 5605.82 5624.15 5630.36 5622.41 5596.20 5565.57 5545.52 5538.96 5533.63 5530.64 5527.93 5524.99 5523.85 5525.69 5519.31 5504.88 5490.11 5479.19 5477.50 5487.21 5522.13 5576.53 5619.86 5653.65 5690.21 5726.01 5742.41 5732.09 5705.30 5666.13 5632.70 5594.67 5553.20 5525.60 5505.95 5491.54 5490.83 5502.90 5516.36 5523.49 5528.82 5533.16 5536.48 5540.11 5539.80 5538.54 5538.20 5541.01 5549.16 5562.30 5578.95 5600.36 5623.38 5652.88 5684.87 5709.17 5719.34 5714.38 5698.94 5674.86 5655.41
5584.60 5564.53 5547.87 5539.39 5539.64 5563.42 5591.19 5610.12 5622.42 5623.73 5602.26 5573.61 5555.85 5550.62 5546.58 5541.22 5537.40 5532.82 5529.25 5525.74 5516.69 5503.51 5493.43 5483.64 5481.55 5494.86 5535.32 5581.94 5625.71 5663.42 5693.80 5720.07 5729.93 5719.73 5691.49 5655.92 5623.95 5584.30 5535.04 5508.81 5495.51 5484.96 5480.51 5487.21 5496.68 5503.96 5509.84 5515.03 5522.75 5530.15 5533.05 5532.35 5535.32 5541.91 5550.26 5565.90 5585.30 5608.37 5634.03 5665.22 5699.58 5725.91 5730.83 5724.36 5706.07 5676.12 5652.23
