datasets/everest_closeup.asc
ncols 800
nrows 619
xllcorner 86.71728515625
yllcorner 27.811448833855508
cellsize 5.4931640625E-4
nodata_value -2147483648
[rows 87 to 115 of 619, columns 201 to 267 of 800]
6381.95 6398.38 6394.73 6385.55 6376.09 6342.67 6293.62 6283.92 6277.15 6267.76 6267.66 6264.08 6248.80 6232.48 6203.50 6158.60 6135.75 6122.87 6113.44 6091.21 6070.13 6054.36 6043.48 6030.87 6019.19 6004.34 5986.16 5965.10 5947.84 5939.92 5940.85 5945.93 5967.09 5981.00 5990.02 6020.13 6042.84 6037.78 6026.92 6007.56 5941.54 5912.21 5892.25 5847.49 5804.65 5765.39 5723.86 5688.51 5665.08 5640.94 5613.67 5581.62 5543.39 5499.79 5460.37 5420.81 5377.57 5335.68 5301.64 5270.68 5243.07 5222.35 5217.74 5227.64 5238.32 5248.75 5255.38
6369.39 6401.47 6415.38 6420.68 6420.40 6398.77 6341.25 6323.65 6343.45 6338.67 6323.08 6308.90 6299.93 6284.89 6254.51 6209.93 6179.24 6158.91 6140.95 6122.02 6095.11 6075.93 6053.90 6042.36 6027.57 6003.26 5987.48 5977.07 5964.69 5960.52 5968.84 5979.60 6000.88 6017.95 6042.97 6067.25 6076.88 6067.20 6052.36 6011.34 5956.09 5929.46 5894.30 5843.93 5803.31 5764.93 5729.16 5702.15 5683.71 5663.36 5638.21 5605.71 5566.94 5522.71 5478.09 5435.35 5391.37 5347.59 5310.27 5278.82 5249.25 5225.42 5216.48 5224.60 5236.72 5247.08 5254.27
6346.58 6392.31 6419.07 6435.86 6445.70 6445.45 6430.91 6418.82 6413.20 6399.33 6377.35 6355.41 6339.50 6323.48 6299.32 6269.07 6242.96 6225.89 6208.83 6196.73 6174.53 6147.44 6111.35 6091.46 6061.67 6041.57 6017.42 6045.97 6047.86 6038.95 6047.10 6053.32 6063.60 6081.73 6094.01 6108.33 6106.62 6089.80 6059.98 6001.95 5965.76 5936.93 5892.95 5850.76 5815.64 5782.50 5752.37 5729.34 5712.38 5693.40 5667.49 5627.66 5586.74 5543.72 5498.65 5456.59 5414.53 5370.54 5325.72 5285.96 5252.06 5228.02 5222.90 5232.85 5240.93 5247.00 5251.02
6306.53 6367.79 6408.11 6436.46 6453.13 6458.35 6452.56 6442.51 6429.13 6412.01 6392.01 6370.08 6353.12 6340.49 6327.09 6308.06 6288.61 6273.62 6259.97 6252.50 6245.47 6236.64 6224.18 6203.11 6168.83 6154.77 6154.63 6187.23 6184.82 6173.18 6166.85 6156.56 6149.08 6152.18 6150.44 6139.06 6117.05 6088.45 6056.90 6018.78 5982.30 5938.61 5900.46 5869.25 5841.85 5817.65 5796.34 5772.08 5749.35 5726.86 5693.35 5642.36 5595.39 5552.78 5515.58 5479.22 5441.62 5396.50 5340.19 5283.46 5243.18 5223.72 5226.41 5239.48 5244.20 5247.21 5252.48
6259.79 6327.08 6378.89 6421.99 6445.63 6450.45 6442.26 6429.77 6415.48 6398.23 6377.52 6356.70 6340.41 6330.07 6317.99 6305.32 6289.87 6274.22 6263.34 6261.34 6259.66 6257.05 6252.32 6245.80 6239.22 6235.54 6232.73 6229.17 6224.26 6220.70 6219.12 6216.31 6214.41 6213.58 6197.23 6152.14 6112.39 6084.61 6059.53 6032.77 5991.17 5950.42 5922.58 5896.53 5873.00 5854.56 5836.17 5805.56 5775.42 5747.47 5710.73 5650.22 5593.54 5559.17 5529.73 5499.94 5465.04 5419.03 5350.08 5277.44 5237.88 5223.67 5230.74 5242.56 5245.18 5250.56 5258.80
6225.00 6280.03 6335.23 6383.06 6411.55 6419.14 6415.91 6401.95 6383.80 6366.97 6348.37 6328.59 6309.16 6295.15 6282.47 6267.70 6251.80 6237.55 6227.92 6227.48 6230.24 6231.87 6231.52 6228.01 6223.24 6221.06 6221.40 6221.28 6220.06 6221.13 6221.17 6221.72 6222.53 6218.47 6207.02 6163.95 6121.32 6097.09 6068.07 6035.28 6001.19 5973.13 5952.86 5929.04 5906.33 5885.72 5853.90 5803.98 5776.79 5746.75 5706.39 5640.43 5588.19 5562.95 5536.26 5509.64 5476.31 5433.27 5362.08 5283.19 5244.94 5231.61 5234.88 5244.58 5247.26 5252.63 5260.41
6208.31 6247.57 6294.83 6332.56 6355.30 6372.14 6379.64 6353.12 6319.33 6298.27 6287.14 6286.12 6272.07 6257.73 6244.63 6228.32 6208.72 6193.72 6187.61 6184.97 6187.39 6190.23 6192.67 6193.40 6191.10 6188.68 6189.82 6189.46 6188.50 6191.00 6194.41 6196.38 6197.48 6193.53 6183.18 6158.64 6128.02 6103.24 6078.83 6054.43 6028.83 6004.64 5985.37 5962.21 5936.94 5906.41 5849.16 5783.69 5764.35 5732.73 5691.32 5640.09 5594.93 5564.38 5535.33 5507.29 5478.70 5442.58 5382.35 5307.39 5263.39 5245.94 5243.83 5248.90 5252.64 5256.64 5262.03
6213.60 6243.94 6279.07 6311.00 6324.83 6335.60 6336.18 6298.95 6255.26 6215.52 6204.05 6215.93 6217.59 6207.47 6201.16 6186.39 6169.51 6159.95 6152.40 6149.29 6152.54 6159.27 6165.71 6168.37 6166.18 6162.86 6156.52 6147.67 6139.98 6138.41 6140.82 6145.55 6152.91 6154.60 6149.63 6138.62 6122.57 6107.96 6094.36 6077.36 6056.65 6033.59 6006.45 5980.61 5949.89 5908.37 5850.04 5791.30 5758.62 5719.55 5682.13 5644.58 5602.74 5566.95 5536.81 5508.10 5479.65 5446.46 5395.33 5330.15 5285.15 5262.30 5256.15 5255.42 5257.10 5259.73 5263.69
6244.28 6271.30 6296.24 6312.11 6312.67 6310.56 6299.77 6277.02 6244.99 6203.77 6173.64 6166.66 6155.93 6146.64 6144.79 6140.83 6136.42 6133.10 6127.01 6124.64 6129.58 6138.75 6146.97 6151.58 6151.94 6147.70 6135.86 6118.65 6102.04 6092.39 6089.59 6091.72 6099.57 6109.55 6116.54 6116.69 6112.67 6108.85 6102.64 6091.83 6071.82 6046.35 6015.28 5981.66 5938.81 5890.45 5845.47 5803.91 5761.83 5721.89 5688.18 5652.51 5611.77 5576.99 5543.87 5510.99 5480.51 5448.43 5402.25 5346.71 5309.03 5284.53 5268.50 5259.51 5259.65 5261.41 5264.58
6286.18 6304.32 6307.09 6304.16 6295.56 6285.99 6273.13 6255.98 6238.28 6214.38 6179.17 6143.47 6114.42 6097.97 6094.33 6094.40 6099.04 6105.43 6107.77 6108.36 6112.31 6117.52 6123.74 6129.80 6132.63 6131.29 6122.02 6104.87 6084.88 6070.10 6060.44 6055.85 6057.38 6067.67 6080.57 6090.03 6095.42 6099.90 6099.62 6090.55 6071.46 6045.27 6015.07 5976.19 5928.13 5879.92 5840.81 5804.78 5769.32 5736.78 5707.43 5668.63 5625.11 5596.72 5556.96 5519.12 5485.24 5452.47 5413.21 5364.11 5323.56 5293.27 5270.28 5260.89 5260.81 5265.62 5268.65
6316.82 6313.88 6295.18 6282.98 6271.88 6257.55 6241.27 6225.50 6211.74 6190.62 6162.73 6125.03 6089.13 6067.01 6055.80 6051.63 6057.44 6068.35 6078.49 6086.83 6094.08 6099.19 6102.09 6105.02 6110.07 6114.21 6108.33 6093.37 6075.52 6059.58 6048.58 6040.44 6035.23 6038.96 6049.87 6063.98 6076.24 6086.38 6087.45 6079.44 6061.55 6040.77 6014.99 5978.17 5935.46 5891.67 5850.56 5812.46 5779.51 5752.59 5727.71 5687.82 5634.61 5608.42 5570.58 5533.71 5500.71 5462.55 5422.18 5368.92 5321.75 5279.39 5262.65 5263.18 5265.32 5271.29 5273.25
6322.80 6297.68 6270.22 6256.62 6240.24 6215.56 6191.33 6184.64 6175.95 6148.71 6120.88 6097.12 6072.14 6050.96 6038.32 6031.01 6027.48 6029.38 6037.47 6053.14 6068.12 6078.07 6080.19 6083.17 6088.21 6092.91 6088.79 6073.87 6060.79 6048.45 6038.49 6027.05 6018.62 6017.11 6025.47 6040.58 6058.44 6069.99 6073.26 6064.53 6049.70 6032.97 6011.86 5980.80 5946.55 5909.09 5866.76 5826.69 5793.42 5765.00 5740.44 5706.71 5655.51 5618.69 5583.91 5551.01 5517.03 5476.34 5421.73 5362.23 5312.25 5266.41 5255.60 5268.81 5275.61 5279.22 5280.04
6298.88 6265.58 6248.62 6227.60 6190.13 6156.02 6134.48 6129.02 6111.71 6089.65 6073.42 6062.44 6050.91 6038.71 6031.00 6022.89 6011.41 5999.97 5999.69 6014.21 6032.23 6049.19 6055.03 6058.27 6062.51 6063.64 6056.97 6044.11 6035.45 6027.74 6018.16 6004.63 5994.04 5989.96 5994.18 6008.42 6029.27 6045.53 6052.92 6048.55 6030.20 6009.13 5981.46 5955.69 5938.02 5915.41 5882.58 5845.04 5809.79 5777.74 5747.17 5719.10 5682.75 5639.33 5595.67 5558.35 5523.00 5479.16 5423.41 5362.89 5304.82 5262.15 5258.90 5272.74 5282.90 5284.75 5284.40
6256.31 6237.80 6224.36 6194.31 6141.40 6099.71 6078.06 6060.25 6044.19 6033.93 6025.72 6021.24 6019.11 6016.28 6012.86 6005.13 5992.58 5979.32 5972.11 5971.67 5988.54 6016.25 6030.67 6035.12 6036.16 6032.83 6024.25 6014.85 6006.01 6002.59 5996.47 5983.71 5970.27 5960.93 5963.19 5974.17 5991.67 6012.63 6030.30 6029.32 6000.86 5966.06 5930.20 5906.02 5909.37 5905.45 5885.61 5856.12 5822.21 5787.61 5755.32 5725.45 5693.29 5656.49 5609.89 5561.41 5517.02 5476.35 5435.12 5380.01 5315.62 5271.37 5269.40 5275.11 5282.63 5284.63 5283.51
6202.54 6190.84 6174.01 6142.75 6088.26 6050.12 6030.73 6015.10 6003.49 5997.73 5991.52 5986.49 5986.89 5987.94 5986.09 5980.88 5972.17 5963.81 5948.45 5931.91 5950.01 5985.54 6005.46 6011.18 6009.80 6002.74 5993.54 5985.66 5980.65 5978.80 5974.93 5963.94 5949.01 5935.62 5933.79 5943.51 5959.96 5983.69 6005.54 6002.29 5972.61 5933.12 5895.37 5870.00 5872.19 5873.71 5864.70 5844.04 5814.11 5783.76 5757.38 5730.17 5698.36 5662.57 5614.25 5559.55 5510.06 5472.13 5440.01 5401.54 5342.34 5295.23 5285.88 5280.48 5281.74 5283.60 5283.06
6131.28 6117.35 6103.58 6080.55 6047.94 6027.40 6014.34 6004.09 5993.91 5984.82 5976.28 5969.46 5968.08 5967.59 5965.59 5962.51 5957.98 5950.41 5934.85 5919.94 5933.09 5958.15 5974.85 5980.19 5978.89 5974.07 5966.23 5960.66 5958.78 5957.00 5953.61 5943.92 5926.42 5911.53 5904.63 5909.41 5926.88 5952.54 5968.73 5964.31 5945.27 5913.48 5874.80 5845.73 5835.14 5829.46 5820.75 5806.14 5783.28 5762.42 5740.18 5715.03 5681.29 5642.10 5593.37 5545.37 5503.59 5469.32 5439.96 5413.37 5373.74 5330.07 5302.86 5285.99 5284.06 5287.36 5288.91
6075.06 6066.35 6057.04 6045.02 6031.61 6018.17 6006.27 5996.34 5986.35 5977.21 5968.08 5961.01 5957.21 5956.24 5954.35 5950.57 5945.82 5936.81 5927.21 5920.35 5926.08 5935.60 5945.52 5949.77 5948.89 5945.87 5943.14 5939.84 5935.39 5930.92 5929.77 5923.20 5907.48 5892.98 5881.20 5879.78 5892.07 5907.16 5915.32 5915.63 5905.67 5884.48 5854.15 5823.79 5807.17 5793.83 5779.22 5763.58 5746.34 5729.31 5706.33 5681.17 5649.73 5607.64 5564.69 5529.34 5498.37 5469.87 5440.79 5416.65 5389.76 5352.96 5312.38 5289.78 5287.77 5294.52 5296.60
6051.23 6044.24 6036.22 6028.18 6019.14 6009.11 5996.10 5985.12 5975.14 5966.14 5959.11 5953.09 5949.11 5947.15 5943.18 5937.19 5930.21 5923.19 5916.17 5913.14 5915.19 5918.27 5921.35 5922.42 5919.46 5915.49 5917.48 5916.45 5907.46 5898.49 5896.51 5895.46 5887.38 5880.32 5871.26 5867.25 5866.39 5864.63 5862.79 5866.75 5863.59 5849.46 5827.35 5803.29 5785.30 5769.31 5756.29 5738.30 5719.33 5700.36 5679.33 5657.25 5628.20 5591.12 5555.04 5525.98 5497.98 5469.99 5442.96 5420.92 5396.89 5364.89 5313.03 5289.03 5287.06 5293.10 5294.10
6042.18 6033.23 6026.35 6020.51 6013.59 6003.82 5992.98 5980.95 5968.71 5958.60 5953.62 5948.60 5942.44 5936.18 5931.14 5925.05 5918.05 5910.98 5904.97 5901.76 5901.22 5898.78 5897.30 5893.01 5887.70 5880.48 5878.97 5879.05 5873.28 5865.42 5862.17 5860.74 5855.42 5848.27 5843.39 5842.79 5836.40 5819.73 5807.09 5813.91 5825.69 5823.39 5808.62 5785.64 5766.38 5751.50 5738.53 5721.07 5700.12 5678.71 5660.16 5645.03 5620.80 5589.50 5557.14 5530.28 5500.31 5471.38 5446.75 5428.03 5405.16 5368.80 5309.73 5286.29 5280.45 5281.83 5284.03
6036.28 6029.80 6024.13 6019.38 6012.53 6005.97 5996.27 5983.88 5969.36 5958.11 5951.91 5945.41 5938.13 5931.06 5925.83 5919.17 5911.99 5903.76 5896.15 5889.36 5882.33 5876.50 5870.86 5865.23 5856.82 5848.77 5842.24 5841.11 5835.66 5828.45 5821.26 5812.58 5800.93 5791.65 5785.20 5786.28 5778.55 5752.14 5738.97 5753.44 5778.76 5795.40 5795.21 5772.89 5749.97 5736.27 5722.28 5696.27 5662.46 5637.40 5624.74 5617.96 5602.52 5579.95 5555.70 5530.40 5503.59 5477.79 5457.99 5441.59 5419.48 5382.15 5329.33 5296.96 5279.02 5273.63 5277.84
6037.03 6032.67 6027.12 6023.69 6018.47 6012.15 6002.91 5988.36 5971.77 5959.47 5951.29 5943.41 5935.29 5928.29 5922.66 5917.85 5909.43 5899.69 5888.40 5878.87 5869.69 5861.48 5853.62 5844.64 5835.66 5827.35 5819.92 5812.19 5802.59 5791.71 5779.59 5766.96 5755.33 5744.14 5735.69 5729.87 5724.20 5712.37 5704.54 5708.29 5724.20 5746.57 5752.47 5735.85 5711.70 5698.37 5679.51 5648.84 5618.55 5598.32 5590.09 5584.59 5573.22 5560.24 5544.06 5524.98 5505.68 5487.39 5473.13 5457.56 5434.18 5400.43 5358.07 5318.94 5292.00 5281.93 5284.90
6043.57 6038.26 6030.09 6025.53 6021.58 6015.24 6004.78 5990.18 5974.10 5959.41 5949.43 5943.60 5936.18 5929.31 5923.46 5918.00 5908.94 5897.23 5884.18 5873.53 5863.95 5855.95 5846.76 5837.16 5827.19 5817.60 5809.67 5797.74 5784.85 5769.89 5757.49 5745.76 5733.91 5721.25 5711.67 5702.97 5694.95 5685.26 5677.53 5672.11 5673.45 5679.68 5679.30 5667.06 5650.15 5636.35 5618.60 5598.56 5584.28 5572.50 5563.91 5556.66 5546.57 5537.18 5527.63 5516.65 5504.62 5493.65 5482.35 5465.10 5440.19 5406.33 5370.30 5335.44 5311.26 5300.01 5300.38
6050.33 6041.23 6031.93 6026.42 6023.33 6015.61 6003.35 5989.93 5975.47 5959.74 5954.20 5948.75 5941.25 5932.88 5924.43 5917.78 5908.85 5897.57 5882.98 5872.62 5863.20 5855.05 5846.66 5837.77 5826.01 5815.97 5806.52 5794.85 5783.18 5769.44 5755.35 5740.29 5725.84 5713.73 5703.54 5693.82 5683.12 5672.19 5661.13 5650.54 5643.01 5633.71 5624.78 5614.05 5604.79 5594.64 5581.43 5568.78 5556.91 5545.89 5538.44 5532.81 5525.94 5520.27 5513.11 5504.99 5495.73 5487.08 5476.87 5460.88 5439.11 5410.26 5376.46 5344.38 5318.46 5308.83 5308.11
6055.92 6044.97 6038.47 6034.45 6029.37 6017.05 6002.08 5990.70 5979.02 5967.17 5963.46 5955.84 5946.16 5937.05 5927.95 5920.17 5910.33 5898.52 5885.78 5875.67 5867.65 5861.58 5854.23 5844.20 5831.98 5821.85 5812.78 5800.98 5790.09 5777.82 5763.53 5746.45 5731.34 5720.94 5712.48 5702.46 5690.04 5677.51 5664.49 5652.46 5639.21 5624.66 5611.94 5603.70 5595.66 5585.97 5575.27 5560.69 5545.99 5532.36 5522.96 5518.26 5512.45 5506.04 5499.19 5491.21 5483.82 5473.09 5462.35 5451.68 5433.50 5407.01 5373.14 5340.06 5315.85 5306.89 5305.74
6061.90 6051.78 6045.79 6040.00 6028.26 6014.22 6002.95 5992.80 5984.66 5976.52 5969.63 5960.61 5950.50 5942.45 5934.33 5925.44 5915.48 5903.44 5894.26 5886.06 5876.16 5866.40 5862.36 5855.13 5845.78 5837.47 5826.64 5814.71 5802.65 5792.42 5779.20 5765.08 5751.20 5742.33 5736.16 5725.75 5708.87 5693.87 5682.80 5670.09 5656.21 5639.34 5625.45 5616.30 5610.51 5599.90 5583.18 5567.33 5552.28 5537.16 5526.23 5517.50 5509.74 5500.03 5491.27 5483.20 5477.12 5466.99 5455.07 5443.33 5424.59 5392.07 5356.10 5326.69 5310.31 5301.31 5302.14
6057.87 6049.91 6043.88 6034.81 6023.89 6012.05 6003.13 5996.22 5988.23 5980.31 5974.44 5967.58 5960.62 5952.60 5946.58 5935.56 5924.53 5913.60 5905.70 5900.80 5890.84 5879.70 5872.43 5867.48 5865.02 5863.36 5850.34 5836.18 5827.46 5821.72 5814.02 5798.92 5779.47 5765.24 5761.33 5763.96 5749.36 5737.41 5725.48 5705.16 5686.78 5668.69 5652.61 5649.89 5634.21 5612.36 5596.43 5577.64 5563.75 5553.81 5541.76 5530.75 5518.57 5504.39 5491.30 5485.32 5480.35 5472.45 5459.52 5443.31 5418.00 5379.85 5346.01 5323.21 5308.15 5299.09 5302.14
6057.69 6049.83 6042.77 6034.32 6025.70 6018.05 6010.39 6004.54 5996.54 5992.00 5988.43 5983.55 5974.95 5965.66 5957.83 5948.61 5937.76 5930.05 5926.35 5922.76 5912.87 5897.08 5881.70 5876.05 5889.48 5895.50 5883.52 5869.00 5870.64 5872.28 5870.54 5851.00 5816.97 5798.68 5798.32 5812.77 5810.73 5797.47 5788.27 5763.09 5734.35 5714.27 5697.95 5700.64 5668.91 5621.13 5604.13 5597.56 5587.55 5574.33 5561.07 5550.83 5535.45 5518.19 5504.81 5497.29 5492.23 5486.41 5476.67 5456.23 5424.45 5385.58 5356.22 5335.21 5316.72 5305.29 5307.79
6071.36 6064.57 6057.64 6053.42 6047.23 6040.96 6035.04 6027.57 6016.16 6005.96 5987.36 5974.21 5965.32 5956.85 5951.24 5942.12 5931.81 5938.12 5955.88 5955.63 5934.80 5915.23 5893.09 5881.78 5907.09 5919.35 5911.15 5928.17 5949.40 5959.02 5951.94 5922.96 5876.14 5854.80 5861.13 5869.81 5866.49 5849.94 5833.47 5809.83 5784.10 5766.88 5757.90 5760.19 5732.14 5665.29 5637.70 5642.27 5634.27 5609.47 5593.03 5581.54 5562.89 5543.91 5526.99 5514.26 5506.86 5500.12 5489.07 5465.43 5431.20 5395.96 5369.35 5347.21 5327.38 5314.58 5312.35
6105.14 6096.94 6089.90 6080.36 6070.93 6064.91 6059.74 6043.91 6017.67 5985.41 5947.59 5935.36 5937.12 5934.52 5921.13 5902.25 5892.11 5905.01 5962.73 5976.33 5948.05 5931.45 5912.83 5900.44 5934.27 5951.68 5964.77 6014.54 6046.17 6042.13 6020.09 5990.47 5958.15 5935.58 5928.28 5924.61 5912.52 5887.65 5859.63 5836.37 5820.72 5812.16 5809.23 5800.01 5770.18 5719.82 5706.07 5705.73 5687.97 5660.41 5638.53 5628.02 5602.80 5578.06 5557.43 5537.39 5521.14 5506.65 5487.47 5457.08 5423.31 5393.93 5368.93 5347.08 5331.79 5323.18 5320.18
